1000
178.287427 856.524156 614.155841 106.472369 14.528960
544.090239 930.267326 937.209526 125.000000 11.392491
924.037323 486.435435 778.519973 125.000000 14.852964
888.543825 773.095145 929.438751 125.000000 12.108806
809.701719 884.981875 658.550382 125.000000 10.178558
406.259637 635.233839 213.999936 125.000000 13.715662
303.228882 99.688193 144.639185 125.000000 10.159164
342.027736 888.859454 97.898319 125.000000 13.474143
740.374998 767.247416 216.522644 125.000000 11.907792
631.618458 688.337839 729.107912 125.000000 12.227931
642.473099 190.074983 150.011093 125.000000 13.398513
505.214340 674.256303 842.166351 125.000000 11.275476
192.253045 201.339230 293.494344 125.000000 12.736078
772.291801 277.793764 871.907758 125.000000 11.271411
271.983935 606.301063 475.531633 125.000000 10.982976
577.549888 545.224903 879.448385 93.703295 14.154143
732.630022 390.387481 562.181871 125.000000 13.786001
529.099840 763.778156 910.085876 46.128910 10.269751
471.401029 43.959784 347.820243 125.000000 12.844118
324.649183 526.502687 189.441526 67.573560 13.971423
254.152941 874.941473 184.669450 71.911418 10.419107
929.173834 135.107120 450.414704 125.000000 12.691712
37.964543 756.413318 795.953709 125.000000 14.809490
413.283312 292.219180 759.645106 125.000000 10.422179
213.423029 287.244971 180.718478 86.621393 14.553238
574.181077 546.404901 169.559352 122.839116 14.346461
371.599003 511.414165 415.409945 117.695916 13.110276
866.784469 905.101831 491.679228 125.000000 10.248272
860.327516 382.230897 149.811277 125.000000 11.688597
274.993116 416.300041 148.480655 118.430708 11.948694
924.379441 569.972736 90.426738 125.000000 14.710253
797.422605 51.268224 76.844417 125.000000 11.765793
715.411410 637.346101 454.378194 125.000000 13.245577
719.082255 221.510258 667.226751 125.000000 11.481604
616.946363 760.881665 110.043154 97.560356 11.842423
509.880540 791.353534 770.442952 77.895891 12.542543
775.680810 529.043493 367.926014 107.192586 11.893047
542.649965 604.145516 574.017630 125.000000 14.379714
193.342143 246.383468 440.118477 88.263551 11.129609
436.303359 212.345731 869.517035 77.289515 14.616898
591.621703 688.169662 252.107428 119.139263 11.311059
329.961225 428.846317 507.373362 64.345619 11.483379
783.502675 56.608548 903.904949 125.000000 11.312411
568.715775 270.101899 463.989399 125.000000 12.443045
407.656072 382.840161 931.279781 125.000000 13.395678
888.644366 778.523742 122.639286 100.408496 14.425840
500.021146 481.076514 881.452799 38.947491 13.720371
818.407176 770.613735 567.962732 102.383819 13.088332
860.348335 60.578938 490.584979 43.365018 11.199660
697.044514 500.436922 473.215678 68.671569 14.893403
69.785339 97.065143 520.355580 125.000000 13.409860
917.094278 631.388673 764.847577 100.296396 12.592975
424.470102 642.398266 616.174915 73.124211 12.634379
54.497641 945.089372 193.966319 125.000000 12.158256
216.637550 490.320257 349.339807 102.764702 11.862049
120.386655 701.854380 304.066980 125.000000 14.601660
900.782222 425.538860 937.277318 114.168480 12.739355
652.340359 535.833719 681.433656 99.459583 13.505494
860.530825 659.723128 207.729404 84.022752 12.805999
939.013515 186.812741 824.059424 125.000000 12.303630
226.541394 436.521059 484.093824 94.485672 11.881361
243.973497 392.113832 577.595900 50.427976 12.947537
608.299113 282.904797 800.020469 117.996552 11.452203
91.145040 122.004255 341.856454 95.381941 13.192654
417.469844 785.861342 695.075136 92.654735 13.272229
351.230147 164.460757 594.406038 125.000000 12.656670
622.803267 908.152490 268.773279 125.000000 14.718113
655.292364 818.659376 356.084089 65.082217 11.120200
71.732843 588.703877 401.695350 117.214860 13.376660
748.508870 475.001689 94.832604 119.553366 11.612359
475.389832 177.657562 352.532658 65.181065 13.608790
541.400099 434.006702 628.343973 123.329897 13.416816
829.013601 290.802066 338.200961 125.000000 12.703697
164.359789 167.679728 128.423027 125.000000 11.093383
909.617387 233.150749 187.094093 122.628899 14.664268
578.923074 281.951772 82.387965 72.823647 10.749986
449.597484 664.336377 376.813589 125.000000 11.213927
428.265562 282.277548 212.887688 125.000000 11.654289
730.904898 389.014069 242.930183 102.693357 14.042570
213.185401 812.013199 922.250886 125.000000 13.844271
794.593921 762.363612 335.797569 74.807255 13.743529
151.042251 173.138267 660.553769 125.000000 10.449753
495.497326 182.288790 98.771280 105.257931 10.948552
524.409499 481.942823 765.741533 98.604970 14.949751
278.829314 645.327305 136.265496 108.895937 12.929935
703.053444 845.344601 926.256972 125.000000 13.304723
485.359843 821.504440 229.082156 93.265504 14.313554
499.211317 531.941297 451.093039 87.083626 13.475815
830.301503 849.885070 285.063672 61.377517 12.451786
629.999477 423.126986 227.585119 51.324283 12.824898
635.606831 65.566841 813.131264 115.761237 12.335341
878.147494 663.700238 470.569995 99.142613 11.044733
277.819642 114.983170 449.718298 125.000000 10.357264
949.010122 347.812716 316.319706 83.231727 10.508347
71.840409 505.123152 746.737160 125.000000 11.491220
103.416971 647.474901 590.872339 125.000000 10.051683
409.126619 114.997647 746.044577 125.000000 12.783349
848.770415 767.029436 709.311978 88.095549 12.426147
110.278738 782.579428 919.589825 34.424275 10.364426
636.222090 720.640805 573.672617 104.434379 11.644071
548.078947 248.319588 631.798939 105.370405 11.941358
754.594013 139.334126 314.034999 120.245128 10.759228
122.563629 412.515806 134.896119 92.630640 12.654361
305.341825 596.692707 933.737019 125.000000 13.922139
208.498790 281.918067 777.782381 99.301087 14.668799
406.764843 296.428267 85.107693 78.227765 13.844791
427.439360 646.812315 710.368991 51.226211 10.039101
271.162279 861.166993 686.799022 66.469870 11.087817
242.100044 121.479464 870.592145 125.000000 10.922168
925.168508 413.866493 606.259675 125.000000 12.011942
312.455620 527.905347 802.859967 87.213037 13.427679
302.717838 328.420373 644.509974 78.937098 10.122170
136.839197 792.690038 206.029307 81.160080 11.060816
537.944777 666.812180 69.881175 73.030892 14.767285
940.509104 255.524817 635.122019 118.452228 11.775368
117.659304 629.872252 203.967843 57.042609 11.867819
874.989613 88.804976 656.890823 125.000000 10.334731
128.705904 695.313067 941.343135 92.348013 12.559100
360.600968 850.917653 458.870459 125.000000 14.856294
122.993680 490.373994 211.531334 56.261228 10.911138
947.085090 779.991900 487.107243 99.986502 12.158606
405.164464 868.457887 859.954732 125.000000 10.687733
791.000494 411.151897 718.213876 121.770526 13.232387
545.271800 915.047214 542.713682 125.000000 11.612302
923.956284 345.527538 802.947994 88.300261 13.473716
92.982839 375.540279 641.435810 125.000000 14.770872
694.775803 614.924248 583.590652 71.434607 11.151915
365.950658 456.864366 270.317292 100.964539 10.237773
838.486434 368.161590 454.614167 89.131144 12.447972
951.173408 643.817701 244.612627 46.369626 10.419368
288.948037 279.293570 346.574534 80.899867 10.610103
146.516810 858.912866 120.935711 63.989937 11.740038
219.177214 703.030727 704.494648 115.355707 10.230958
754.753286 653.156191 166.901576 66.517541 13.940567
311.724973 915.350276 954.572240 67.595495 12.799204
862.968619 589.366505 851.885963 59.860879 14.004101
911.942112 926.077357 817.957092 125.000000 12.085237
650.771614 153.829892 414.939377 87.001861 13.366130
301.080880 863.831236 799.898902 58.749247 13.583349
556.345189 405.201848 407.302641 89.640818 12.732769
51.937649 536.615347 128.729868 95.665062 11.508634
786.358174 528.588254 232.913930 93.573014 13.064048
585.283843 461.891691 78.143693 54.241347 11.949653
53.526436 835.264802 111.068546 61.484643 14.170945
814.509465 611.131648 519.056238 35.418813 12.175878
412.829458 400.661096 373.772161 70.743524 14.166818
113.104749 433.889561 272.726114 52.033844 11.300651
736.258258 56.453800 662.093246 87.935724 14.807793
862.191065 830.179114 409.605804 49.521838 11.854324
544.524064 86.297660 548.343170 125.000000 12.019284
328.515812 686.464027 617.001993 67.329167 10.005992
818.221682 945.001410 81.833209 120.064163 13.357184
383.011555 155.522296 439.338801 47.464497 11.985544
129.346609 579.029344 856.262850 110.276287 11.782545
765.289374 184.839162 481.023272 115.975215 10.083374
649.410207 194.842259 295.679270 61.954530 11.845458
39.230739 889.736812 634.043945 80.411512 12.317446
534.165088 743.423096 358.434560 54.906100 11.131043
347.999024 767.647630 941.252045 96.894795 13.120003
610.161394 903.130576 812.562508 76.807743 12.286544
271.041215 336.015078 408.415162 40.409123 13.029795
731.092811 591.744030 821.319590 119.128938 10.257180
718.990296 766.275657 374.407265 34.520110 12.072144
191.388151 502.042889 963.540564 80.134315 14.192029
668.657984 925.458257 442.893235 93.236466 14.680601
833.066721 605.552149 951.857501 75.671300 12.012772
772.603628 141.758635 791.579602 86.017106 12.997191
689.035929 383.600070 942.784500 86.647898 11.184399
520.323719 290.684408 902.749669 100.517234 13.312580
99.289527 292.580159 298.481143 64.778883 13.259986
253.457668 573.025460 594.298558 65.872640 13.151026
453.947835 547.949007 786.346061 39.073578 12.299378
628.973036 642.249233 842.879975 48.130491 12.905466
778.696055 679.905592 354.439110 36.093377 13.147252
560.916035 561.904361 315.585840 110.545828 14.110911
102.127201 800.593813 707.874042 46.139270 12.925218
75.820118 341.010325 932.816883 125.000000 14.879788
610.029379 98.736500 97.863970 37.388268 13.981227
776.383728 501.575704 639.698979 55.010768 13.179416
307.512572 318.147234 129.309534 38.080978 12.010443
192.874880 55.191752 307.228969 95.432388 11.413638
383.088165 799.136569 205.177923 60.337979 14.198748
75.424063 673.882864 717.700826 46.008495 14.399418
934.322313 408.540123 445.840186 68.810267 11.899195
326.322896 868.486844 263.705691 68.558967 11.630171
690.921428 172.915115 840.815512 59.317719 12.044345
58.534203 738.025473 688.053519 37.411402 12.308689
429.649456 352.715021 538.322660 99.962070 10.113993
476.633261 898.307481 131.101416 93.630840 12.251941
408.987236 912.228192 624.204736 125.000000 10.698446
47.260398 600.582915 923.303310 52.796406 12.144802
864.258118 261.340543 36.858064 89.561548 10.177953
259.473151 640.153585 832.895663 47.309353 13.759648
58.536084 873.039763 873.767855 66.513173 14.297967
63.605242 474.318278 345.395917 66.013513 11.914690
874.933784 58.382670 187.496338 79.116540 12.382873
293.930764 954.995576 601.978582 56.338227 12.188866
709.457369 348.238746 406.888700 76.280575 12.288769
812.828662 933.524390 237.355462 64.817775 13.424542
900.660717 544.057772 475.247525 61.528470 11.870301
788.619826 618.702935 41.875129 84.454728 14.171351
944.615867 822.742137 300.127880 86.120258 12.857065
929.066717 133.419961 279.976292 95.518387 11.790623
360.187227 479.906884 581.674523 57.824056 12.189471
630.291785 186.747456 561.255071 62.458253 14.526653
613.201069 732.169935 949.174368 65.212069 13.426443
898.592692 609.540289 302.468571 68.397143 13.278055
86.198100 835.907688 447.075236 125.000000 12.599584
661.008027 385.201461 123.556269 83.306531 12.834304
307.397767 294.973331 45.019370 63.994572 13.799159
300.270307 264.714335 489.048559 62.091979 14.220404
942.139260 500.847450 348.526231 105.262089 10.138750
40.523333 475.155981 926.392872 62.456414 12.255619
138.478907 384.063879 341.972262 61.925995 11.617007
108.164741 559.601213 537.050073 32.947457 12.204382
166.145145 400.601516 782.841769 91.661606 11.488976
294.560478 482.028799 673.941498 74.270364 12.707590
658.677303 811.257537 772.675567 62.168408 12.272123
483.695351 536.854074 242.970300 47.422450 14.696369
634.361783 920.082694 100.539321 125.000000 13.421501
699.770438 488.609377 610.803466 35.401397 12.784153
613.618830 521.192155 419.805557 65.416443 11.206428
833.078944 300.654514 606.465511 57.091702 14.292768
174.330201 99.256998 575.627407 44.819606 12.910907
260.374320 735.219596 218.922583 65.225239 10.893495
253.018367 371.333831 293.880318 88.154768 14.940306
587.183402 857.466987 429.623868 48.461166 14.632663
734.660262 543.659969 549.381490 50.990125 13.515022
222.107853 925.326827 47.437869 68.213561 10.748035
471.448617 173.955661 957.806059 60.924649 10.198019
236.514577 896.448071 331.484709 74.391078 12.348794
563.086533 383.403816 228.815934 39.211094 13.211696
945.304686 133.897481 729.754851 34.295486 12.444286
753.024631 295.398635 241.069668 32.380713 12.520641
779.111324 305.404397 137.291817 37.436994 13.783349
622.828696 397.995493 735.556540 95.647347 10.668020
665.096358 383.607428 840.496183 56.487888 11.822386
71.538832 426.803055 469.513414 88.037776 12.874663
310.046635 554.400584 96.395829 44.868565 11.629988
786.920779 258.801170 87.501396 34.558074 13.201049
591.619798 872.642706 664.621764 86.849816 11.602564
36.684008 230.354597 35.750499 97.908817 10.573342
519.093893 877.359378 409.286045 46.277648 10.654383
903.021305 595.736027 385.989747 49.187764 10.393697
324.916458 681.035581 864.769397 41.386128 12.028604
370.635202 64.174066 500.386115 56.216489 12.848727
572.297790 790.679207 646.548786 30.211286 13.026766
349.794559 421.570065 761.113682 91.723873 12.682123
410.347641 480.120556 117.335368 105.097287 12.455569
816.823115 210.507077 812.911264 28.219505 10.775993
721.827267 75.750546 436.226631 74.070327 10.451921
279.922612 621.553715 331.384648 116.039422 11.175608
685.262729 114.428647 529.029336 55.062606 13.125827
409.026236 724.777168 519.987565 97.846247 11.975682
374.911079 254.895347 355.173319 44.998184 10.533972
176.556648 805.268552 314.114071 51.292829 10.384595
619.782298 57.614824 158.233473 48.792968 10.256779
164.590545 628.122153 773.205054 35.256278 13.624682
891.240460 734.360905 306.193173 64.615941 11.643163
234.762953 733.889469 542.448165 94.183585 12.290335
659.384116 876.009498 567.263664 62.454007 10.044275
563.156181 209.335191 336.075474 55.310219 12.511837
630.044126 428.402949 883.478460 35.868052 10.274654
178.033305 785.604616 413.732192 34.385980 13.292267
755.876548 946.005831 392.520024 43.394471 10.694944
297.346658 774.572337 771.462183 64.432109 13.037200
617.915585 59.159394 474.075547 41.152192 10.857094
608.077253 172.137002 699.121738 61.175064 13.900967
654.759191 479.933272 327.043377 88.414008 10.303547
329.025438 291.308470 867.379063 89.951039 13.569568
399.404853 117.058496 250.019292 102.971643 12.435918
650.898190 49.014770 304.299943 75.951055 10.306889
185.451920 404.729537 895.742125 57.820169 12.223125
90.572912 60.611587 183.696493 96.665904 13.346821
863.936249 648.064021 673.537587 48.784323 11.595136
128.602800 641.245231 80.770626 112.136461 10.640845
872.334500 392.136237 303.712562 38.323733 12.523580
198.048083 305.052371 53.993013 73.024143 13.106274
318.211986 736.526406 371.073285 72.663288 12.022131
365.006304 371.937910 96.822115 38.779146 13.085913
728.257493 774.710389 75.552039 77.400712 13.298084
79.387526 525.625842 275.919656 58.646967 11.503285
84.524794 332.859033 763.392151 57.195140 10.049888
696.180504 205.238332 945.481694 73.139200 10.955366
889.752058 272.415151 510.059836 90.766258 11.658682
939.742592 907.648800 384.762173 59.249964 11.537480
161.254640 961.898630 512.525736 90.834612 11.792723
463.192310 378.481075 804.306869 44.739216 10.372668
464.696493 66.969492 58.904754 86.555126 14.087580
531.918196 621.134207 449.500589 38.496221 11.720144
770.296200 667.259853 638.668235 71.581718 13.387497
650.246634 593.602628 243.070749 39.934340 13.788159
494.264892 584.000031 78.873955 49.821896 14.143713
671.922862 611.340108 95.570248 96.312790 10.730311
465.592812 801.727305 948.082560 70.918990 12.688107
442.357329 546.251202 944.865553 82.557192 13.938395
712.822520 922.176247 743.442993 70.537819 12.461844
943.922816 600.213665 928.037189 64.475782 14.691231
79.326738 94.153741 41.267746 72.597263 10.235840
920.248585 834.047915 192.369008 33.655430 11.569074
697.968695 840.723143 500.849765 45.143178 11.646802
740.259879 602.015139 936.314739 52.420559 11.341710
635.653976 336.067197 290.210142 83.229168 10.015609
494.325925 112.438666 900.144312 54.308977 10.832737
649.087098 455.461416 531.193114 36.503470 14.029156
446.488484 514.709304 317.650552 66.020674 11.880496
939.061855 322.931052 914.112358 52.999474 11.560878
326.813224 185.603638 950.524459 81.510669 10.051668
133.598279 216.659139 528.452538 55.021293 13.376952
774.627549 910.947233 564.209656 36.271333 11.326958
68.709500 285.155975 441.218433 115.775260 12.800705
458.599104 785.308538 366.702734 48.539710 13.330907
485.384158 777.386119 459.383093 48.038396 14.674993
456.662890 500.518173 537.570836 55.523614 11.905384
661.367530 218.051805 43.296302 35.579535 14.011011
600.302207 57.281983 685.076724 73.898627 13.877159
878.058369 943.187001 397.356720 34.701645 10.361881
767.547670 773.288024 832.784184 73.102640 12.766568
954.911868 101.084750 91.338737 92.635612 10.585202
850.209419 501.975261 565.358612 53.531933 13.789770
534.621456 128.287797 835.845356 40.754488 11.050219
137.742714 187.481170 944.747913 77.098741 10.445272
823.472504 265.607700 708.633594 59.473510 12.995120
602.248356 777.689167 844.435678 73.958815 12.838960
368.405177 94.598286 936.166003 50.882866 14.669167
183.303305 525.874278 94.799095 68.273179 10.289877
944.151091 730.486808 634.200671 87.024993 11.680356
548.004351 146.214242 259.745748 81.862976 10.552237
737.465103 333.634117 90.786300 41.625557 10.204036
251.686357 146.023402 623.781894 32.875999 10.248497
589.024860 696.927937 442.682841 92.168319 13.821585
954.961910 838.399476 42.557320 75.017065 10.415108
804.715023 461.807830 839.894380 86.311662 13.057850
331.656216 574.223330 672.037727 70.556282 11.365853
783.687953 127.303626 679.423510 30.854668 10.111365
543.473973 760.020109 598.040926 38.958900 11.341042
163.097754 504.406157 564.638999 53.045600 12.550399
753.726163 875.547419 517.254954 36.918213 10.925433
912.120841 843.004118 599.362663 70.787224 13.650373
429.410348 712.241967 908.180711 36.103769 14.141296
44.604101 777.683326 206.260830 42.780222 10.991642
470.569168 699.565928 596.015377 30.247073 10.506528
646.327120 672.233418 364.258712 48.595503 12.837392
876.808071 466.202457 471.203572 39.609013 13.653784
39.652459 207.999972 336.185317 42.711845 14.627126
53.391011 353.701942 256.631411 45.662564 14.422078
542.044334 99.885498 417.140076 50.271921 11.713611
226.795625 389.795281 649.773775 37.752945 14.545476
491.646339 449.559794 487.531111 38.691509 10.216540
770.773170 447.691595 962.079929 57.605582 12.777542
290.447896 425.684378 953.533957 71.024266 11.122623
969.854494 449.769718 171.265486 58.181834 11.347500
531.982470 954.189896 701.302839 62.871136 12.245687
218.846025 804.699047 368.965941 29.964177 14.944844
126.242543 693.932645 830.620613 47.091351 11.242434
286.956236 947.837503 482.525744 68.511087 11.053960
321.927001 212.319110 171.195214 46.712315 12.357388
259.025410 433.609343 801.584995 54.436641 11.234967
820.148140 611.485158 727.760093 44.935148 12.209799
684.629243 558.938828 346.796462 29.701443 14.253684
624.166625 98.985296 229.593000 42.111897 14.894225
587.487661 196.666513 901.013611 60.985815 12.968623
507.801181 745.051640 165.391423 44.361568 11.008621
453.053197 529.201830 623.884038 59.394877 14.676662
317.160436 803.937817 619.416211 63.159318 10.483133
771.901815 450.001167 299.212044 29.895503 10.034121
305.356920 412.483200 434.455706 38.551108 12.352129
177.162019 703.442541 153.939466 52.528001 10.216521
698.828300 269.524178 285.664333 50.176615 11.041578
587.028126 789.192650 472.517402 43.644826 12.031917
174.971904 391.003818 44.764482 49.786907 10.299571
815.109689 817.325003 59.488788 38.648434 13.683856
707.182790 67.511862 197.493415 63.449612 12.965874
63.273343 825.806042 251.500756 40.687423 14.280267
441.099065 87.438840 955.377816 38.096788 10.181701
404.238636 676.690801 97.153106 46.683064 13.643589
123.980551 905.270028 782.497345 77.204886 11.892969
457.453363 943.058174 409.362835 83.330158 10.623583
52.653228 428.430989 36.683190 70.263875 11.998200
217.278175 594.993234 246.042374 42.749156 10.945621
496.124312 392.447127 303.106070 65.376044 13.778269
584.656595 382.378696 50.668319 46.253547 13.091867
553.826282 833.514748 886.363384 39.787641 12.195706
797.260929 528.212895 921.054423 44.231525 11.969330
189.795242 788.518999 72.251191 73.278629 10.653060
196.215077 526.236962 722.432835 56.671677 11.350614
359.024348 758.637567 64.102149 95.405081 10.273287
306.992489 91.254738 683.596908 55.376310 13.927942
324.997875 493.138062 80.193321 31.467851 11.576353
497.168449 788.506731 77.789743 100.615240 12.611638
868.509319 580.896832 529.745374 31.582795 12.769640
744.714171 868.866347 263.865624 46.789696 10.489228
425.509692 590.221927 512.709893 54.703670 14.719820
70.262427 202.529908 799.557303 107.220342 14.331533
382.596903 181.493724 315.481506 31.035246 10.153754
60.659340 54.886116 760.760724 101.418948 11.134255
730.075400 953.523827 924.507642 33.539825 14.970600
889.435368 968.601279 190.560217 55.290097 11.851920
615.545794 274.078060 920.598300 37.550872 14.594862
212.224259 506.817982 176.843912 52.720060 14.680406
34.051828 627.176831 782.221228 63.587150 10.337149
64.885898 140.937729 893.570455 65.447631 10.804642
626.399624 39.194013 918.485223 40.311807 10.601119
203.854270 474.409237 37.972597 41.357292 10.242054
463.791965 361.806753 445.261155 48.882793 12.327446
950.177486 699.189358 372.902904 66.870794 12.860486
713.723048 852.751801 380.647692 30.903700 10.698554
234.981730 42.706786 772.980531 66.928731 12.331770
738.011249 783.972536 444.917778 44.902992 14.439716
526.490190 212.489933 741.858008 58.437549 13.083313
684.012975 153.335725 767.520013 40.867986 11.834872
844.853894 215.139363 600.930085 38.251910 14.078078
805.173371 875.318795 970.966267 39.812066 11.436275
487.614504 239.892906 551.814351 37.089924 11.678639
198.058858 264.321637 632.426468 38.281283 11.748493
217.538151 430.767399 719.744441 27.793573 14.150513
224.839010 583.328786 805.887541 34.498896 11.993983
257.941446 554.899978 668.084288 30.754541 13.043382
765.494014 963.599889 829.689574 63.124000 12.203198
258.273356 166.190505 70.358665 36.473570 13.591346
370.409377 194.611749 47.420058 82.254581 11.199265
590.205334 453.289283 942.169134 46.748796 14.913510
425.476402 71.243425 901.155680 29.906147 12.929902
877.122749 151.304648 78.233692 47.249598 11.911930
178.149005 955.266363 939.978807 84.898908 10.942221
830.291334 812.551225 219.537162 28.876102 10.876234
793.670087 697.715304 755.221575 56.793537 10.094620
840.812722 133.385616 569.602857 36.424616 11.409087
893.833419 494.896839 241.523771 67.729230 10.029121
34.449255 779.240411 306.434900 46.632852 10.442056
312.856741 78.347035 346.301744 43.539702 13.960961
538.362995 599.015386 760.790146 45.370765 11.714026
190.673077 273.116685 931.964433 55.083265 11.228415
86.318585 93.329839 940.967153 30.047403 10.275687
830.986589 590.398475 667.322643 34.397900 11.007821
333.007779 174.071317 853.277880 34.259893 12.227379
632.700443 265.770869 584.202067 39.621494 12.873733
588.457555 840.754652 761.244220 30.881014 14.295884
327.759338 959.482521 211.686161 70.777758 11.102676
476.971686 167.265222 487.354322 50.589091 13.933779
268.500729 917.437161 868.119822 66.822528 14.177929
421.677170 240.969355 479.531562 55.649926 12.763968
79.693319 257.664450 716.230836 31.089297 13.694691
896.157608 231.027347 946.989324 71.718769 12.651405
684.825688 489.559522 796.450108 56.898496 11.754957
460.055873 302.485775 660.333007 44.885544 10.642510
601.931699 604.202080 959.252120 53.215489 11.045117
418.399672 444.910609 838.485288 38.274755 10.436129
936.672349 202.405054 67.886845 44.198071 12.733608
930.321433 883.985729 716.386421 38.063032 11.558393
69.048726 340.300271 132.871588 36.621237 11.620824
226.829734 250.905704 552.995849 75.302783 10.120639
171.647482 47.762993 427.443111 69.233222 13.033999
190.311893 934.216577 201.728238 57.270101 10.249705
407.118487 736.235592 806.974144 57.704703 12.701804
437.789706 486.390557 703.759660 51.220645 13.404136
485.504893 878.116391 711.729632 47.813922 11.073897
174.474784 816.917801 743.231673 58.163327 13.628566
555.081805 427.628930 510.275483 54.685710 12.459038
66.800346 414.327753 832.954639 68.031523 10.927947
937.113263 245.104837 394.053906 56.984221 10.250344
134.876189 442.559019 396.206573 48.108931 10.341591
942.490372 569.772251 557.821810 58.868343 13.470520
99.270511 264.045586 576.833134 35.070357 12.374540
514.164627 471.291533 42.059803 47.816146 14.295674
68.439062 959.738409 687.029331 40.318376 14.625707
127.998234 691.203389 455.429454 60.534173 11.500053
199.986826 58.557104 182.053919 42.707521 13.980494
879.294963 665.953208 66.918766 29.567925 14.242280
633.868219 48.275816 46.599865 55.953697 10.838674
45.043592 617.123400 212.055604 34.609112 13.056656
465.715814 955.253488 299.543846 70.143939 14.256516
874.070943 663.568886 601.190665 43.367678 10.987578
312.350568 255.394480 760.196353 36.063128 12.539228
905.660405 61.359608 535.329583 32.309854 10.014638
539.179519 386.342219 116.453880 52.685831 12.873159
536.740741 390.598587 957.991448 63.663447 10.260920
706.010405 338.210633 667.266275 49.976270 10.711945
113.355210 874.377980 955.679155 58.025760 14.092455
343.237096 602.003518 41.404976 51.424011 11.816518
264.737921 230.186711 666.664099 53.576798 11.386954
632.142866 793.529409 281.889100 45.289581 13.364544
862.905614 700.427045 838.244237 53.553985 13.080270
756.268965 852.124538 778.866941 47.083855 14.452296
171.899911 338.629149 548.207420 65.176054 10.365217
356.875997 873.629445 706.245527 35.770350 11.271970
194.305196 112.875194 229.405518 36.820227 12.496860
256.192214 794.702358 442.576463 42.804266 12.198895
433.590510 430.385912 42.301246 28.376281 11.831742
504.056099 664.879347 193.352231 31.616675 10.711392
968.931740 579.195615 222.360002 37.696664 13.743803
102.668258 750.323368 49.284697 73.457931 10.556921
467.582360 963.994889 61.504617 38.275809 10.315240
212.133715 31.962096 51.576542 75.976859 13.723936
520.439015 139.846290 671.432476 63.221951 13.802493
625.253379 350.669811 622.992887 47.787103 11.907347
408.500354 916.250669 218.678143 62.463289 11.188902
690.142716 647.227729 298.363998 66.396836 10.651492
288.516060 175.734291 729.277794 52.106173 14.978989
696.322665 249.897210 407.206569 58.018376 13.646218
486.111938 186.476750 603.073357 29.459785 11.469280
418.441348 55.953546 611.446890 60.325448 11.578041
249.814731 85.085212 587.234990 45.688241 14.769243
160.425342 367.653811 218.766219 45.782798 11.757920
307.688724 932.201630 361.570267 43.442639 12.704992
494.340145 658.855911 968.135519 56.957260 11.512820
549.770302 323.905336 370.461204 34.267445 12.546572
671.977125 833.075638 167.091740 41.028626 10.581159
453.519683 779.168995 602.456553 47.676694 13.344109
550.574127 821.722063 324.731374 47.255805 14.545605
733.251056 530.111517 902.085538 36.062312 12.256991
538.137729 62.629975 153.875283 67.761010 10.832315
633.451753 509.669271 558.660231 33.394367 10.230023
66.915259 792.730993 588.501638 65.422180 12.720550
835.098830 454.469539 346.972325 31.304957 12.815725
448.270800 868.209406 525.423303 35.347128 14.474415
625.622671 369.181406 512.566664 44.192307 11.772173
944.115780 753.999477 824.991508 53.612712 11.250170
727.272179 780.970927 674.786514 69.897154 12.293730
284.762291 693.511813 790.914358 35.685090 11.075037
173.551468 522.364448 498.533382 36.709778 10.669762
452.034884 94.193970 489.626302 35.159782 12.150182
48.061850 145.678589 123.247015 48.547069 12.621595
250.450581 792.768970 164.099474 35.964585 14.938793
962.006956 350.671447 532.048354 33.352790 10.865295
534.917457 173.768210 431.135508 33.391289 10.665503
886.613470 823.177545 814.165498 33.318675 11.165649
348.597440 57.050749 846.405390 72.120515 13.825370
140.280485 62.639092 87.304045 42.292527 10.599388
727.925324 874.143668 125.478112 35.343572 12.329374
499.717358 741.072018 653.479192 57.502546 10.627119
726.930666 683.495766 40.232248 36.236786 11.971834
498.786197 386.819651 185.618079 48.038027 10.337876
703.489113 878.061822 623.442746 35.522995 10.065218
892.712370 88.036158 856.291181 41.967576 12.787731
804.117943 953.141367 941.622679 61.331486 10.101744
787.181205 43.164439 217.115518 50.989648 10.295003
39.306902 671.185207 876.333492 37.675275 13.914319
623.069034 634.619573 502.988521 29.051123 12.345313
793.390062 907.008985 354.587561 37.472574 11.202370
620.474791 295.916364 179.350101 42.392794 12.944392
789.914864 165.183137 949.877729 46.752917 10.641693
52.036004 255.376195 212.617471 78.545490 11.465181
516.216624 970.098670 180.838783 40.398174 11.690693
898.031679 285.756665 739.661668 34.288415 10.644203
317.242917 329.527087 245.172368 33.118614 11.917463
217.980974 737.045430 338.525835 33.644917 13.149378
730.314847 417.582140 835.407202 35.532334 11.658323
372.909176 643.595658 764.770680 44.172739 12.388803
706.320662 719.109325 858.814287 41.610306 13.011057
30.494359 704.780726 463.122607 57.920258 13.570341
101.187990 907.928693 34.523568 68.421144 11.320098
894.058906 914.175895 314.289860 42.849602 14.198349
684.260696 29.381794 488.183884 31.016454 13.896376
920.477454 337.517958 64.931019 45.410664 10.590194
445.184144 423.045833 457.469135 30.797397 11.542879
678.705196 251.744589 511.315457 45.006630 14.794646
893.453492 935.563752 941.528194 65.055715 11.494325
501.936939 221.699181 818.787147 31.909323 10.943324
431.537313 237.376738 679.462359 27.822861 10.908505
273.089115 333.985766 723.036985 40.172009 10.189312
816.719703 125.311346 205.661697 51.623775 10.282914
634.286115 536.715081 961.504685 49.722195 10.175178
369.311461 804.912764 315.262664 57.718732 11.608848
36.371120 789.013690 39.958994 27.366184 14.282374
367.661542 326.715687 451.012710 56.363934 12.235715
364.234163 755.885436 608.783582 27.819996 10.269291
709.548638 116.785005 101.715948 38.710321 13.977049
146.022901 736.812508 636.510840 36.635986 12.309496
748.670663 359.562355 808.939241 31.088560 12.883652
943.223301 663.944723 543.834110 40.511550 13.219516
230.406282 716.532561 827.277948 47.171217 11.556874
907.131728 32.745390 394.948598 47.653439 10.226351
952.563139 804.510747 749.910745 60.634213 14.986174
777.694288 183.495343 146.821890 78.078823 13.310207
182.824515 904.647300 697.902880 30.231174 10.848951
540.727507 904.421162 33.983620 45.590857 13.107233
506.000059 398.800532 36.530279 35.314388 12.709215
466.168567 585.548113 707.325465 35.341319 14.860521
733.211293 277.123527 48.337521 51.411203 11.264965
91.770839 55.130475 877.217347 61.304364 13.152948
198.284194 93.850782 697.757450 30.582362 10.045973
511.428245 728.514840 546.024900 44.742381 14.014317
916.138697 523.140833 655.207134 44.920265 13.737718
276.562402 221.966260 889.887767 30.643197 13.462456
573.043990 397.160461 840.173589 50.180735 13.689830
56.171145 543.676232 598.620874 41.722683 12.189647
433.862448 241.222425 380.644954 37.830728 11.949965
106.974692 889.463652 682.567723 37.363836 10.653377
885.646129 958.654865 646.733401 38.751596 11.178977
103.309238 704.298637 186.024408 41.613999 11.378309
278.278051 801.937003 258.995366 38.176159 14.961208
279.994874 138.804296 258.203970 50.246955 11.050654
957.386615 947.555749 661.290067 56.174734 12.323397
331.590455 208.851317 345.947515 32.546143 10.390097
567.602366 278.118895 304.994686 40.096811 10.881362
439.917872 262.876141 597.226603 44.152806 11.907470
614.893282 158.424472 957.820929 35.486829 10.469707
303.227164 819.182518 196.773873 28.796874 11.822404
507.271389 693.438887 483.852934 34.652925 10.211237
255.073663 27.773865 390.690781 33.860318 12.577208
765.234127 43.960890 787.861567 46.232081 13.718713
244.651583 641.430124 627.554892 27.959715 14.669436
532.295351 807.449509 534.313262 43.965557 10.515443
501.073420 184.553536 196.861032 40.905269 12.893132
317.376254 437.866528 860.070728 52.400960 11.883149
741.841265 186.861644 223.445007 31.505769 12.966192
844.478515 71.546834 381.609441 49.296562 14.292232
501.159813 876.558520 778.693380 38.138517 13.267006
55.386347 960.178002 459.301056 66.096783 10.399041
368.674199 686.540962 712.645647 40.511018 10.077382
405.543487 968.886734 912.256175 44.427418 10.058969
859.865467 391.261670 836.534235 28.831022 11.917654
166.402744 473.477759 652.966316 64.203432 10.867045
191.564503 930.946797 409.735924 65.096445 12.165457
681.877673 948.459613 637.717690 58.155879 10.813510
559.544015 115.329326 354.933133 35.008143 10.389497
878.154460 581.563754 610.298123 54.789405 12.145064
731.279160 915.235812 183.835168 43.242377 11.921562
807.926234 684.910097 113.933078 37.076763 10.408187
357.977223 403.559647 615.768475 43.729198 14.911334
953.574052 903.362395 273.728272 30.032683 12.952522
715.540912 924.426508 536.080593 38.216262 14.268056
103.848465 956.032041 322.228665 84.570240 10.064641
708.318985 621.612058 229.296474 36.571380 12.714535
960.782411 432.885857 264.915767 54.748744 14.363444
668.361861 681.517402 166.803315 42.650468 10.928074
131.214817 803.247087 848.810973 41.119399 12.243998
909.182782 736.649673 771.546277 27.775491 12.320334
649.496308 539.093931 49.803816 30.131040 13.155102
892.691917 29.066797 829.357765 30.834743 12.477081
743.097021 663.393009 966.008848 31.275864 11.481666
631.607812 247.798260 348.951164 32.604456 13.966252
41.763494 585.513712 506.025045 47.387609 11.589069
109.439009 132.090344 239.581351 30.490941 14.410902
256.096141 965.519244 735.257281 80.568024 11.612254
539.088919 225.613047 966.090339 32.095993 11.774424
811.458773 211.562247 240.288829 37.446574 12.841392
107.439904 298.515560 836.046313 32.820428 14.423135
116.343696 438.688632 903.726941 34.682545 11.637449
93.383239 822.958572 332.959191 53.151465 10.835383
951.262750 98.401860 952.869516 87.608139 10.419058
662.747216 416.096541 477.394408 40.662496 13.898417
501.472061 943.733258 822.176045 51.610801 14.820557
175.316132 870.467619 497.096532 35.890692 10.475361
970.626343 480.634468 451.015654 35.333355 10.823404
47.845116 965.391696 879.539171 51.498950 10.856343
320.564932 779.804293 142.041339 31.524900 11.902399
866.601288 962.134005 292.460351 25.105524 10.190522
895.147688 532.919562 899.825235 37.028697 11.762677
276.216511 888.065934 574.033549 43.111638 10.674941
188.928610 587.463937 156.657433 45.662087 11.422302
756.290700 233.230053 282.209138 31.259023 10.135024
38.441650 740.898046 948.945162 56.362535 10.835913
932.465903 428.532039 46.162112 76.482974 10.077817
459.359723 961.387722 756.720281 46.785123 12.081619
712.860801 730.629608 928.169310 44.591385 13.240822
404.451072 578.924827 87.077243 40.377326 13.681029
869.753936 892.798474 165.247991 37.844854 12.740430
664.444765 475.450925 952.271964 34.974588 13.637347
963.398830 615.128721 442.869696 48.500138 12.461173
679.632782 53.520173 100.558420 38.062396 10.876359
33.069209 604.136712 689.804107 49.849352 11.129746
605.776755 140.482109 43.546791 35.741014 12.315962
624.356485 807.007096 216.464650 31.345275 12.174738
304.071060 53.398928 49.646009 33.590350 13.712296
684.616344 46.010123 956.328048 45.215692 14.294367
695.099989 417.477503 784.257385 29.995110 14.620844
908.528659 46.851079 750.389398 37.596059 12.769744
214.184476 30.906640 669.317730 47.181999 11.814432
208.520330 534.708919 831.450365 28.620368 10.054317
949.854375 708.266619 81.812122 41.695700 12.572297
908.120573 150.584601 570.871148 40.927140 14.382974
364.017112 959.477732 307.869915 49.416237 12.106647
512.125186 651.037244 696.755890 50.612947 11.539709
533.835073 498.806729 534.741238 38.896903 14.212471
176.022715 949.319764 648.998245 29.920156 12.974090
387.808983 584.204309 816.264166 48.205213 11.611720
166.107522 604.061271 511.904727 37.936367 13.756021
815.252882 519.511262 478.184324 60.923491 12.487707
883.695003 399.576256 373.234350 46.875597 12.383699
517.343628 39.150020 683.012544 39.673000 13.271757
304.994747 859.686246 357.083191 35.864265 13.175622
57.435691 610.503797 287.035307 39.066117 13.878176
53.654835 204.455413 561.832050 45.472180 14.266107
106.313942 455.478207 544.004736 35.550407 10.393102
55.373873 131.863801 674.770867 36.556966 10.605550
36.837985 277.364917 552.596031 49.472529 11.524731
731.586911 631.523936 718.022469 50.068413 14.621445
752.779381 256.328912 188.726322 41.800370 10.013387
222.108746 945.163167 610.362289 36.884972 10.380463
934.380606 240.121483 315.334360 48.343220 12.855001
865.996981 512.277153 417.621605 34.654324 12.825814
824.417490 566.158262 557.794176 27.167809 10.910572
655.870960 663.810920 953.682400 37.372809 10.462872
377.158281 351.270489 305.623846 57.698813 10.346499
921.993448 313.494167 413.802342 33.681002 14.192647
376.406820 951.994313 411.065117 29.491875 12.977397
593.167393 836.171955 171.874694 37.853322 13.883862
818.582183 655.888408 860.263532 25.593499 12.904413
798.666500 893.711207 871.595255 50.585646 14.984001
615.961864 322.703559 377.812286 37.236878 13.650614
53.684765 488.035299 525.726173 26.522868 13.658504
573.247442 435.404413 280.936240 39.146505 13.684534
505.771604 220.721662 295.186376 35.181407 11.860656
192.267132 644.270561 392.541105 44.181489 11.307880
495.647060 389.085734 741.598571 44.250772 11.464560
258.890782 837.165765 35.803573 43.942682 13.962229
544.557083 532.080001 673.635444 41.048883 11.232226
843.487243 484.236317 660.703905 31.920121 12.980504
257.108237 574.535606 758.912022 28.664550 11.177710
256.182338 674.927657 49.926842 26.090863 12.425185
784.220972 839.248763 452.096229 39.194906 14.843876
858.745772 196.314220 292.854236 35.509150 12.472138
630.627723 815.803329 37.619857 35.184342 12.660006
171.010193 297.745172 355.998111 47.710853 11.824611
301.523065 756.183998 695.467724 37.543505 10.025416
911.448652 957.969251 589.511110 39.152836 10.775111
957.535584 365.201646 708.221595 48.234092 14.895784
529.356698 329.950774 738.253099 46.297807 10.000359
715.527957 848.977559 705.534207 28.056304 12.064935
557.454139 968.980367 419.468947 51.741387 13.772625
71.702463 893.952335 544.126753 44.263019 11.704593
221.394936 699.015245 457.849177 41.499211 10.661176
961.346548 922.841152 196.869198 48.778080 14.937992
615.783346 120.709852 320.952226 35.384769 12.419525
57.119138 737.739720 129.941304 46.644760 13.589698
646.208848 440.077619 412.189891 41.765160 14.680463
161.175727 419.694828 550.949610 37.514429 14.436538
885.245719 668.731138 939.272077 31.186705 11.254327
489.961624 279.609974 350.038679 43.358914 13.185874
152.188555 58.938608 725.635381 42.725890 13.739480
951.159284 55.890613 798.388596 35.758032 12.924738
360.551769 291.611180 561.889066 36.795019 10.235289
601.540666 324.046114 562.013499 41.570878 10.418661
405.636824 603.075700 875.082516 32.358942 11.182029
455.062180 693.758243 668.321731 26.895583 12.781660
48.555175 228.224056 961.460751 43.724263 14.204079
37.352058 894.173828 960.281827 35.360898 13.018243
202.315824 764.592569 254.486798 31.821548 10.861194
179.231126 355.482762 428.111290 49.484036 13.651797
265.247447 839.184322 523.609410 47.654689 11.070646
551.697785 45.865370 954.034187 69.029175 11.760184
175.696422 962.618299 110.913871 48.375759 13.876472
146.358511 549.997451 323.057746 34.948480 10.253292
285.944132 29.540064 933.784972 45.773417 12.255774
433.953584 855.095604 341.091446 52.176067 11.910827
837.256323 763.225906 241.588417 27.505296 10.613064
393.596383 87.186586 435.314876 39.817119 10.300545
97.270694 510.234225 633.621489 30.794557 12.959101
734.367673 550.814932 733.233797 31.968184 10.150669
303.025311 215.002731 400.089128 38.581964 11.156563
488.448349 450.713645 953.292842 34.418869 12.554213
855.362370 119.754435 133.169454 36.619952 10.359132
188.073512 893.982403 856.004057 33.764302 14.035224
663.054827 518.983559 111.325756 27.700466 10.541039
792.540163 847.280795 165.708391 36.427204 13.286767
959.839810 728.481784 236.066839 64.896200 10.188434
193.332032 621.106798 960.677178 52.488108 11.264380
784.543145 155.884942 613.929885 33.988364 12.567364
501.595210 58.311666 446.699581 30.534461 10.739999
960.309276 705.167255 146.705363 39.168433 10.618918
181.414108 336.280838 694.741812 31.397789 14.470712
193.788928 845.978632 258.745192 39.281693 11.688004
735.991153 53.666926 545.365014 42.399439 11.274508
467.763310 447.611271 241.825373 52.457840 12.978559
714.161520 275.661011 124.855192 48.117547 10.421289
678.632140 318.648790 501.062941 33.437499 12.418150
322.767318 693.758912 498.637039 28.897898 13.445869
471.512932 573.068935 151.143059 31.694387 14.352005
649.129952 806.377491 672.089643 32.179291 14.786265
506.191041 270.000731 132.207497 29.921241 12.604249
384.725370 573.826374 318.979120 51.147918 10.934075
497.644147 50.805689 801.767594 56.368411 14.125874
292.880371 403.791441 50.099558 35.475619 10.085528
794.803126 319.552518 57.793746 41.477872 12.641989
450.611298 384.667783 101.718455 44.759255 13.275357
272.469382 767.895427 91.138920 39.978044 10.011198
847.468583 571.167677 428.737630 40.329635 11.169847
101.814696 487.743690 38.280063 33.862573 11.108959
913.599206 272.678713 880.757257 29.114843 10.424305
225.401954 34.004626 541.565139 39.768119 11.122234
942.230650 473.839410 513.791840 39.911314 14.863162
205.423624 324.469423 621.404587 31.418382 12.156375
525.914544 83.933902 742.052299 34.441175 10.580310
800.003119 675.079955 538.377238 45.398570 10.186841
647.369468 445.192509 37.022195 44.199244 11.774563
345.096776 727.126362 274.856996 64.429284 12.039191
212.769608 407.244934 398.966843 36.812945 10.408575
64.035804 737.731779 407.239793 36.917628 10.582222
194.413017 99.561349 510.521473 37.659649 10.081985
370.435604 422.619675 37.164592 45.793461 12.811319
257.574887 702.282261 909.036559 47.646986 10.605426
455.477173 436.015685 561.423137 29.235888 12.123895
41.145909 143.865875 196.455190 38.233801 13.576853
153.733426 494.500854 425.580430 32.248356 10.548698
949.888316 965.732679 255.296429 31.509067 14.764984
539.442158 443.702173 207.098564 43.871507 10.272900
471.584154 657.745846 123.283361 36.919834 10.835562
322.803047 142.954567 793.407953 28.347709 11.791889
150.207532 25.180807 925.137933 38.180441 11.171499
672.690232 753.986847 454.743009 39.093162 10.856866
564.545520 697.551740 152.900558 36.431997 12.463549
212.957257 916.036220 785.549087 33.520816 10.626534
40.938886 949.371811 80.116483 42.911569 14.541039
684.760613 621.474197 904.286081 27.097583 14.547758
879.248455 140.294381 924.049979 33.056858 14.291479
883.890154 676.493015 127.540293 32.116692 12.349181
768.454317 633.676537 270.057467 46.818370 13.527126
209.316014 639.423111 892.108429 39.925710 12.464756
679.686027 134.062667 237.591040 29.962461 14.104580
194.807357 168.773639 524.459069 41.766412 11.607603
442.639144 254.790048 313.336847 34.241370 10.743164
768.249711 300.373674 520.047613 30.424364 11.790428
114.276128 298.220262 109.457089 39.960015 12.111411
143.528446 56.153968 810.871306 34.622118 12.311900
818.121621 424.794800 240.917919 27.186772 13.966656
872.305215 264.202431 835.129293 28.415067 12.615358
666.801489 118.169989 928.713061 42.421293 14.783281
499.370712 826.747280 626.924100 37.019716 10.936431
580.420374 730.122863 33.249739 32.058180 12.670316
168.054046 855.784836 377.780560 35.114840 14.662028
563.951766 320.932041 233.228256 31.565841 12.377685
943.633277 40.723135 242.543373 38.266340 12.844613
106.531887 32.660172 309.244679 35.069677 10.379096
486.483789 308.582697 31.475803 45.988644 13.264464
820.330809 192.117523 53.934400 26.669525 13.732249
471.212031 784.666420 852.479976 39.329983 12.703956
69.681921 856.563933 738.287591 39.371757 11.751929
974.126366 237.943945 457.259739 35.427536 11.308002
949.226653 615.496685 852.860817 33.902987 10.461622
816.344708 585.614739 154.878855 42.651597 12.763972
855.148452 159.096480 343.480895 42.642557 10.222722
730.550394 742.633833 551.151456 27.703784 13.709760
911.067492 930.932544 33.918366 31.954462 13.149534
732.654992 582.861539 662.560093 40.847344 10.179011
730.351048 389.981929 40.086763 29.376915 14.820484
93.084573 506.597369 479.452357 26.118465 12.208678
253.816455 335.771381 949.903266 68.652843 12.487598
849.414680 186.289982 691.024100 35.368249 13.111215
953.786910 341.944977 219.635360 61.184309 10.911100
124.514872 63.931706 665.306328 32.943625 13.481649
166.308060 910.500041 286.045834 33.637170 14.546079
792.900830 959.389444 588.442667 31.397520 10.119121
214.938971 184.164041 744.856094 32.796023 13.445269
682.528372 126.190470 697.252428 39.158875 11.022612
598.412607 178.768998 773.789522 29.123222 14.745681
156.338126 744.241201 776.883172 42.746453 11.153363
428.338789 743.156945 108.213846 26.230808 10.790834
672.381258 147.444163 60.006058 28.822256 11.875655
49.475608 277.971099 635.832070 35.403810 10.143656
396.771207 667.947328 955.578048 49.722828 12.026436
611.336247 348.552296 899.849849 46.894190 13.904193
600.681821 102.645808 928.587510 38.525132 11.259267
254.753049 965.744461 384.390272 38.722708 10.037171
838.537381 891.651762 392.533628 33.441207 11.129729
795.708820 695.991486 911.301215 43.702791 12.416782
171.788053 159.332957 451.611075 43.400641 11.512758
965.459753 55.072123 341.131202 44.397099 14.586003
30.566376 726.685865 602.509454 29.508569 14.993837
228.478384 859.732073 416.618302 41.083594 11.799176
701.050544 324.310409 759.895745 41.175379 13.506925
475.119406 624.791862 467.362201 26.429175 13.530512
377.865458 402.400315 173.988432 42.871107 11.335382
445.008547 863.552111 60.269833 25.923326 11.968768
421.898385 374.581623 642.805911 52.190879 10.052774
53.284486 52.002684 654.444763 52.466547 12.625501
368.020306 505.790612 907.833755 39.994892 11.054356
866.225621 468.938497 80.411905 35.313309 14.195212
279.487730 256.428790 259.612386 39.403101 11.194625
31.001898 486.061853 622.323262 33.110654 14.593173
816.356445 353.389287 947.832113 46.654937 13.321283
573.880186 804.940849 961.659495 44.395097 13.468707
969.657771 261.900810 89.653160 39.538222 10.935395
263.920462 239.477129 108.984113 45.672276 12.662103
389.343176 204.889939 135.341343 44.924868 14.295060
610.415780 169.352762 831.431025 29.801506 12.658204
809.780777 455.248992 444.600444 35.085280 10.281584
568.394836 889.572853 366.363818 34.702841 12.833130
578.158971 601.949473 46.230439 31.265583 10.577588
949.311181 932.152191 547.933707 33.248671 10.599172
51.790063 356.582225 522.044125 35.075786 12.835111
456.123460 100.636190 159.355942 45.067857 14.623894
298.366930 39.476695 612.330979 35.396257 11.020351
697.260865 960.113384 359.652937 42.165103 10.324658
762.503018 833.367759 390.821578 28.306335 11.939166
963.490026 197.435218 550.550496 41.858650 12.190747
287.934482 347.526934 528.447100 49.498584 10.426510
225.550755 125.445775 757.879653 33.061769 12.791251
814.255387 622.586615 395.807032 47.643877 11.004111
552.458388 276.449394 184.577668 35.651419 14.508234
270.654767 490.706341 874.617982 38.708367 13.036306
625.059090 469.330222 833.962858 31.174046 14.382241
794.131299 37.108756 306.767075 37.495615 13.475135
370.554052 58.833241 387.489279 33.904527 11.407195
77.916579 941.820689 938.184948 40.051282 11.919657
507.795603 818.272723 686.799220 38.598122 10.290991
421.661305 270.377239 934.611284 35.068961 13.173147
201.290408 136.488079 29.107409 43.034879 10.033752
851.536674 538.875833 698.589308 39.049116 11.092598
752.898406 942.701260 291.629813 41.966956 11.552855
861.008812 747.484611 423.042533 36.137894 13.183870
746.367654 443.173100 441.503936 33.342428 12.885313
237.893806 949.418408 551.429244 30.606156 11.294307
374.189847 178.527293 377.944853 30.598499 12.693866
173.375271 442.710704 237.141241 34.952219 14.352218
784.158880 103.662320 560.103498 35.656169 11.617607
226.761148 859.828017 112.281661 35.146726 11.828467
876.189071 331.855977 698.918568 43.817324 10.242257
572.348149 72.739915 301.595858 34.461158 14.459774
171.489257 489.387816 855.407824 33.243575 11.357622
871.820214 487.820441 141.848345 35.627840 11.981637
416.269696 936.086103 36.203970 31.618354 12.084480
769.065425 943.113893 456.228761 37.087246 10.383220
731.362046 872.603665 64.687603 32.541649 10.092018
365.916572 577.619316 578.536391 62.524938 12.714633
681.964147 441.445954 666.011519 46.079833 10.229297
46.801187 200.546058 668.784620 41.741538 12.000660
371.644409 481.055453 658.452075 26.896649 13.680463
30.018056 723.616776 69.445752 32.809861 12.211410
596.066702 491.825106 502.492997 39.699766 14.420626
52.434216 385.177780 331.707330 51.617458 14.682573
475.848961 566.009639 855.805469 46.717283 10.483316
33.296325 379.905735 737.680449 38.509453 10.041567
556.385380 58.097011 80.405568 34.300700 10.792236
605.407454 926.347476 736.611226 31.770628 10.848450
955.296122 941.763227 120.829252 38.537635 12.978790
806.300845 745.470640 71.151335 37.680820 10.976631
946.479236 867.489362 149.042365 33.568810 12.550041
806.567423 603.885852 317.820411 28.731760 12.960499
209.190893 709.456916 71.632554 34.256430 13.967792
753.708332 159.068433 69.714356 36.544061 11.760209
636.336815 954.390640 578.082829 28.758943 14.953352
849.151162 314.187511 233.164422 37.290875 12.237135
578.883600 832.160238 77.616686 30.704313 10.020341
384.653745 108.859582 83.771320 29.866962 12.502078
774.573723 966.888094 705.691438 28.349328 12.392741
370.559662 144.134177 887.674739 30.285184 11.323774
69.786262 725.717352 526.076445 41.902161 12.358282
851.563921 90.957436 795.675262 41.761314 12.958727
506.467558 47.526528 225.399906 42.087298 10.459279
515.367369 731.487731 721.349595 28.537809 10.477800
156.578833 103.332849 954.818312 52.417166 10.436181
356.734914 217.676037 449.236666 32.590699 12.539329
814.388861 892.787628 774.316735 33.281526 12.819596
516.055703 251.212600 36.879621 30.157604 11.769358
517.589878 592.177798 928.340496 31.513524 12.434705
817.910426 381.543227 889.839631 32.701943 10.226497
62.969593 90.230905 263.576636 30.968149 10.139226
440.580921 727.064519 270.212860 39.565652 12.059339
399.977435 968.920889 159.957807 38.299620 12.054891
491.911984 476.989210 181.269947 36.376525 11.720871
944.858393 887.795681 97.919112 26.705159 11.096098
685.360561 809.137177 560.964563 35.849280 11.026341
425.770915 305.114127 377.555670 41.472752 10.361558
283.885736 36.865068 260.229604 53.671511 10.504527
70.406007 336.356325 48.822857 62.015333 12.692176
118.819426 623.346124 728.265268 28.570760 13.900165
222.985191 455.580998 596.175329 31.994673 12.500222
212.963762 606.112736 730.876745 34.240506 10.532231
179.016925 210.414006 826.679932 29.884776 10.502213
131.599334 123.698390 829.243419 44.313435 11.274798
43.623050 192.998329 482.424281 29.103598 13.531912
694.323508 512.518639 198.007777 52.123198 11.411393
176.272443 701.295467 866.894586 28.789947 11.148288
319.109495 342.628926 788.557781 36.286619 10.924837
320.612264 951.333250 675.385905 43.547931 12.000568
205.505447 149.810109 965.568747 39.418900 10.486016
99.367083 886.863300 268.411458 30.860987 12.119349
792.951361 518.543280 724.518397 37.879596 11.647219
81.337627 963.648358 556.783815 36.116474 14.143674
99.613078 165.321390 436.438014 37.550624 10.557639
454.686052 52.118086 673.920093 31.278505 13.581055
485.060628 215.150820 427.799128 36.307245 10.911165
966.907657 620.036525 348.469685 37.309734 12.142359
348.184773 967.197259 750.158983 45.829633 11.774595
408.506522 655.372605 37.009931 27.157075 11.326124
631.615934 87.137854 608.759289 32.158885 13.324772
72.910907 193.649068 271.448015 46.633813 11.941671
250.490422 370.010946 776.206124 34.183745 11.490216
811.623962 681.043062 297.483753 37.539019 10.093246
111.841324 936.818124 620.649430 39.215166 10.864748
255.844133 813.018802 322.914692 34.315729 10.215422
270.435351 499.036571 427.028761 28.936828 14.490058
358.344936 208.927112 724.502157 32.869190 14.195676
592.094902 799.181119 706.047802 30.065077 13.246788
300.688017 521.636114 313.358334 38.604306 10.811848
783.232218 751.685057 483.195139 30.402123 11.865891
217.859785 39.240587 946.837052 42.488763 10.896208
449.217692 365.603468 33.184175 34.763653 13.272871
34.736417 139.343032 428.059764 30.632902 14.189117
693.555821 26.400916 577.201441 28.259543 11.249824
799.717461 408.044725 365.117587 30.129744 14.885726
417.217138 409.024115 703.269302 36.584743 10.195475
756.715415 586.878250 135.480136 26.967722 11.054255
323.199900 401.877720 363.786470 51.171950 11.121906
172.646144 556.286212 643.796798 48.427061 11.944305
57.465927 41.926248 381.970465 38.169237 11.960840
517.031444 421.656174 891.355543 34.206976 11.121828
668.021484 532.068099 264.956427 26.914890 12.636722
